@,10,10,5,1,Nati,CookieBaby,2
<<<<<<< HEAD
<<<<<<< HEAD
<<<<<<< HEAD
<<<<<<< HEAD

@,10,10,3,5,ss,CookieMan,2
@,10,10,5,1,mic,rolling_pin,CookieMum,1
@,10,10,3,5,CookieBaby,CookieMan,2
@,10,10,3,5,s,CookieMan,2
@,10,10,3,5,s,CookieMan,2
@,10,10,3,5,2,CookieMan,2
@,10,10,3,5,1,CookieMan,2
@,10,10,3,5,1,CookieMan,2
@,10,10,3,1,CookieMan,CookieMan,2
@,10,10,3,1,1,CookieMan,2
@,10,10,5,1,asd,1,1
@,10,10,3,1,2,2,2
=======
@,10,10,6,5,fghj,CookieMan,2
@,10,10,6,5,oiu,CookieMan,2
 
>>>>>>> 67dfc8b5df7fec97793c7c1839e2febca2bad668
@,10,10,3,5,mi,1,2
@,10,10,5,5,1,1,1
@,10,10,5,5,1,1,1
@,10,10,5,5,1,1,1
@,10,10,5,5,1,1,1
@,10,10,5,5,1,1,1
@,10,10,5,5,1,1,1
@,10,10,5,5,1,1,1
@,10,10,5,5,1,1,1
@,10,10,5,5,1,1,1
@,10,10,5,5,1,1,1
@,10,10,5,5,1,1,1
@,10,10,5,5,1,1,1
@,10,10,5,5,1,1,1
@,10,10,5,5,1,1,1
@,10,10,5,5,1,1,1
@,10,10,5,5,1,1,1
=======
@,10,10,4,5,Nati,CookieMan,3
<<<<<<< HEAD
@,10,10,8,5,Natka,CookieMan,1
@,10,10,4,5,d,CookieMan,3
=======
>>>>>>> 9db8791ae7af687b571bcbe57816dcc880f9888d
@,10,10,5,5,1,1,1
@,10,10,5,5,1,1,1
@,10,10,5,5,,1,1
@,10,10,5,5,1,1,1
@,10,10,5,5,qwe,1,1
@,10,10,8,5,qwe,1,1
@,10,10,8,5,qw,1,1
@,10,10,8,5,qwed,1,1
@,10,10,8,5,1q,1,1
@,10,10,8,5,qwe12,1,1
@,10,10,8,5,123qwewew,1,1
<<<<<<< HEAD
<<<<<<< HEAD
=======
<<<<<<< HEAD
@,10,10,8,5,1,1,1
>>>>>>> 00d59b442793c928aba916534b1808ec7f927186
@,10,10,8,5,1,1,1
@,10,10,8,5,1,1,1
@,10,10,8,5,1,1,1
@,10,10,8,5,1,1,1
@,10,10,8,5,1,1,1
@,10,10,8,5,1,1,1
@,10,10,8,5,1,1,1
@,10,10,8,5,1,1,1
@,10,10,8,5,1,1,1
@,10,10,8,5,1,1,1
@,10,10,8,5,1,1,1
@,10,10,8,5,1,1,1
@,10,10,8,5,1,1,1
@,10,10,8,5,1,1,1
@,10,10,8,5,1,1,1
@,10,10,8,5,1,1,1
@,10,10,8,5,1,1,1
@,10,10,8,5,1,1,1
@,10,10,8,5,1,1,1
@,10,10,8,5,1,1,1
@,10,10,8,5,1,1,1
@,10,10,8,5,1,1,1
@,10,10,8,5,1,1,1
@,10,10,8,5,1,1,1
@,10,10,8,5,1,1,1
@,10,10,8,5,1,1,1
<<<<<<< HEAD
@,10,10,8,5,1,1,1
=======
@,10,10,8,5,12zx,1,1
>>>>>>> 3d464c2c4d2801cedcc81a776ff125aa7ea06428
@,10,10,8,5,1,1,1
@,10,10,8,5,1,1,1
@,10,10,8,5,1,1,1
@,10,10,8,5,1,1,1
@,10,10,8,5,1,1,1
@,10,10,8,5,1,1,1
=======
=======
@,10,10,8,5,12zx,1,1
>>>>>>> 3d464c2c4d2801cedcc81a776ff125aa7ea06428
@,10,10,8,5,1,1,1
@,10,10,8,5,1,1,1
@,10,10,8,1,1,rolling_pin,2,1
=======
@,10,10,8,5,12zx,1,1
>>>>>>> 3d464c2c4d2801cedcc81a776ff125aa7ea06428
>>>>>>> 00d59b442793c928aba916534b1808ec7f927186
@,10,10,8,5,1,1,1
<<<<<<< HEAD
@,10,10,8,5,1,1,1
@,10,10,8,5,1,1,1
=======
<<<<<<< HEAD
>>>>>>> 4bff7847b7fca9f21c7d57c7cd99784a5fda9979
=======
@,10,10,8,5,1,1,1
@,10,10,8,5,1,1,1
@,10,10,8,5,1,1,1
<<<<<<< HEAD
@,10,10,8,5,1,1,1
@,10,10,8,5,1,1,1
@,10,10,8,5,1,1,1
@,10,10,8,5,michal,1,1
@,10,10,8,5,1,1,1
@,10,10,8,5,1,1,1
@,10,10,8,5,1,1,1
@,10,10,8,5,1,1,1
@,10,10,8,5,1,1,1
@,10,10,8,5,1,1,1
@,10,10,8,5,1,1,1
@,10,10,8,5,1,1,1
@,10,10,8,5,1,1,1
=======
>>>>>>> dc79a3ff3f92bf9439e80583f294daa35663b8d7
>>>>>>> 195cff61a48f6cd379b6700995d712e50d2e1e1c
>>>>>>> 722feeb677c8bcb9ce3eb4c085b685598a6031d7
@,10,10,8,5,1,1,1
@,10,10,8,5,1,1,1
@,10,10,8,5,1,1,1
@,10,10,8,5,1,1,1
<<<<<<< HEAD
=======
=======
@,10,10,7,1,Natalia,3,1
@,10,10,4,1,M,rolling_pin,2,3
@,10,10,8,1,N,rolling_pin,2,1
>>>>>>> 07b2ae56d33fcb91fa9d79e01744b82f5413f51b
<<<<<<< HEAD
@,10,10,8,5,1,1,1
=======
>>>>>>> 722feeb677c8bcb9ce3eb4c085b685598a6031d7
>>>>>>> 7cac722b119ce84be0a1aac444ba58a549e74887
@,10,10,5,5,1,1,1
@,10,10,5,5,1,1,1
=======
>>>>>>> 7b6d6e9292c09231d11515a167deff5af7320173
@,10,10,5,5,1,1,1
@,10,10,5,5,1,1,1
@,10,10,5,5,1,1,1
@,10,10,5,5,1,1,1
@,10,10,5,5,1,1,1
@,10,10,5,5,1,1,1
@,10,10,5,5,1,1,1
@,10,10,5,5,1,1,1
@,10,10,5,5,1,1,1
@,10,10,5,5,1,1,1
@,10,10,5,5,1,1,1
@,10,10,5,5,1,1,1
@,10,10,5,5,1,1,1
@,10,10,5,5,1,1,1
@,10,10,5,5,1,1,1
@,10,10,5,5,,1,1
@,10,10,5,5,1,1,1
@,10,10,5,5,1,1,1
@,10,10,5,5,1,1,1
@,10,10,5,5,1,1,1
@,10,10,5,5,1,1,1
@,10,10,5,5,1,1,1
@,10,10,5,5,1,1,1
@,10,10,5,5,1,1,1
@,10,10,5,5,1,1,1
@,10,10,5,5,1,1,1
@,10,10,5,5,1,1,1
@,10,10,5,5,1,1,1
@,10,10,5,5,1,1,1
@,10,10,5,5,1,1,1
@,10,10,5,5,1,1,1
@,10,10,5,5,1,1,1
=======
@,10,10,5,5,1,1,1
@,10,10,3,5,mich,1,2
@,10,10,5,5,2,1,1
>>>>>>> 7558f9af7ce9649a4fe51c303ffe21046ddc8cfa
@,10,10,5,5,1,1,1
@,10,10,5,5,False,1,1,1
@,10,10,5,5,False,1,1,1
@,10,10,5,5,False,1,1,1
@,10,10,5,5,False,1,1,1
@,10,10,5,5,False,1,1,1
@,10,10,5,5,False,1,1,1
@,10,10,5,5,False,1,1,1
@,10,10,5,5,False,1,1,1
@,10,10,5,5,False,1,1,1
@,10,10,5,5,False,1,1,1
@,10,10,5,5,False,1,1,1
@,10,10,5,5,False,1,1,1
@,10,10,5,5,False,1,1,1
@,10,10,5,5,False,1,1,1
@,10,10,5,5,False,1,1,1
@,10,10,5,5,False,1,1,1
@,10,10,5,5,False,1,1,1
@,10,10,5,5,False,1,1,1
@,10,10,5,5,False,1,1,1
@,10,10,5,5,False,1,1,1
@,10,10,5,5,False,1,1,1
@,10,10,5,5,False,1,1,1
@,10,10,5,5,False,1,1,1
@,10,10,5,5,False,1,1,1
@,10,10,5,5,False,1,1,1
@,10,10,5,5,False,1,1,1
@,10,10,5,5,False,1,1,1
@,10,10,5,5,False,1,1,1
@,10,10,5,5,False,1,1,1
@,10,10,5,5,False,1,1,1
@,10,10,5,5,False,1,1,1
@,10,10,5,5,False,1,1,1
@,10,10,5,5,False,1,1,1
@,10,10,5,5,False,1,1,1
@,10,10,5,5,False,1,1,1
@,10,10,5,5,False,1,1,1
@,10,10,5,5,False,1,1,1
@,10,10,5,5,False,1,1,1
@,10,10,5,5,False,1,1,1
@,10,10,5,5,False,1,1,1
@,10,10,5,5,False,1,1,1
@,10,10,5,5,False,1,1,1
@,10,10,5,5,False,1,1,1
@,10,10,5,5,False,1,1,1
@,10,10,5,5,False,1,1,1
@,10,10,5,5,False,1,1,1
@,10,10,5,5,False,1,1,1
@,10,10,5,5,False,1,1,1
@,10,10,5,5,False,1,1,1
@,10,10,5,5,False,1,1,1
@,10,10,5,5,False,1,1,1
@,10,10,5,5,False,1,1,1
@,10,10,5,5,False,1,1,1
